12
28
48
77
109
150
195
246
305
368
439
515
597
685
780
880
987
1099
1218
1344
1474
1611
1754
1903
2059
2220
2388
2562
2741
2926
3119
3317
3520
3731
3947
4169
4398
4632
4873
5120
5372
5632
5896
6167
6444
6728
7017
7312
7614
7922
8235
8555
8880
9213
9551
9895
10245
10602
10964
11332
11707
12088
12475
12867
13266
13672
14082
14500
14923
15353
15788
16230
16677
17131
17591
18057
18529
19008
19491
19982
20478
20981
21489
22004
22525
23052
23585
24123
24669
25220
25778
26341
26910
27486
28068
28656
29249
29849
30456
31067
31686
32310
32941
33577
34220
34868
35523
36185
36851
37524
38203
38889
39580
40277
40981
41690
42406
43128
43856
44590
45330
46076
46828
47587
48351
49121
49899
50681
51469
52265
53065
53873
54686
55505
56330
57162
58000
58843
59692
60549
61410
62279
63152
64033
64918
65812
66709
67614
68525
69442
70364
71293
72228
73170
74116
75070
76029
76994
77966
78944
79927
80917
81913
82915
83923
84937
85958
86984
88016
89055
90099
91150
92207
93270
94339
95414
96495
97582
98676
99775
100881
101992
103110
104234
105364
106500
107641
108790
109945
111104
112271
113444
114622
115807
116998
118194
119398
120607
121822
123043
124270
125504
126744
127989
129241
130498
131763
133032
134309
135591
136879
138173
139474
140781
142093
143412
144736
146068
147404
148748
150097
151452
152813
154181
155554
156934
158320
159712
161109
162514
163923
165340
166762
168190
169625
171066
172512
173964
175424
176888
178360
179836
181320
182809
184304
185806
187314
188827
190347
191872
193405
194942
196487
198036
199593
201156
202724
204298
205879
207466
209059
210657
212263
213873
215491
217114
218744
220379
222020
223668
225322
226982
228647
230320
231998
233682
235372
237068
238771
240480
242194
243915
245642
247375
249113
250859
252610
254367
256131
257900
259676
261457
263245
265039
266839
268645
270456
272276
274099
275930
277766
279609
281457
283312
285173
287040
288913
290792
292678
294568
296466
298370
300278
302195
304116
306045
307978
309918
311864
313816
315775
317739
319710
321686
323669
325657
327653
329653
331660
333674
335692
337718
339749
341787
343831
345880
347935
349998
352065
354140
356219
358306
360398
362497
364601
366711
368829
370951
373079
375215
377356
379503
381656
383815
385981
388152
390330
392513
394704
396899
399101
401309
403523
405743
407970
410202
412440
414685
416936
419193
421455
423724
426000
428280
430568
432860
435161
437466
439777
442095
444419
446748
449085
451427
453774
456129
458490
460855
463228
465607
467991
470382
472779
475182
477591
480006
482428
484854
487288
489728
492173
494624
497083
499546
502016
504493
506974
509463
511957
514457
516964
519476
521995
524520
527051
529587
532131
534680
537235
539796
542364
544937
547517
550102
552695
555292
557896
560506
563122
565744
568373
571007
573648
576294
578947
581606
584270
586942
589618
592302
594990
597687
600387
603095
605809
608528
611254
613986
616724
619468
622218
624975
627736
630505
633280
636060
638847
641639
644439
647243
650054
652872
655695
658524
661359
664201
667049
669902
672762
675628
678500
681378
684262
687152
690049
692951
695859
698775
701694
704622
707554
710494
713438
716390
719347
722310
725279
728255
731237
734224
737218
740218
743224
746236
749254
752279
755308
758346
761387
764436
767491
770552
773618
776692
779770
782856
785947
789044
792148
795257
798373
801494
804623
807756
810896
814042
817194
820353
823517
826687
829864
833046
836235
839430
842631
845838
849050
852270
855496
858726
861964
865207
868457
871713
874975
878242
881516
884797
888082
891375
894673
897978
901288
904604
907928
911256
914591
917932
921279
924632
927992
931357
934728
938106
941489
944879
948275
951677
955084
958499
961919
965345
968778
972216
975660
979111
982568
986030
989500
992974
996456
999942
1003436
1006935
1010441
1013952
1017470
1020993
1024524
1028059
1031601
1035149
1038704
1042263
1045830
1049403
1052980
1056566
1060156
1063753
1067356
1070965
1074580
1078201
1081829
1085461
1089101
1092747
1096398
1100056
1103720
1107390
1111066
1114747
1118436
1122131
1125830
1129537
1133249
1136969
1140692
1144424
1148161
1151903
1155653
1159407
1163169
1166937
1170709
1174490
1178275
1182066
1185865
1189668
1193478
1197295
1201116
1204945
1208779
1212620
1216466
1220319
1224177
1228043
1231913
1235790
1239673
1243563
1247457
1251359
1255267
1259180
1263099
1267026
1270957
1274895
1278839
1282789
1286745
1290708
1294676
1298650
1302631
1306618
1310610
1314609
1318614
1322625
1326642
1330665
1334695
1338730
1342771
1346819
1350872
1354932
1358998
1363070
1367148
1371232
1375322
1379418
1383521
1387629
1391744
1395865
1399991
1404124
1408262
1412408
1416559
1420716
1424880
1429048
1433225
1437405
1441594
1445787
1449987
1454192
1458405
1462623
1466847
1471077
1475314
1479556
1483805
1488059
1492320
1496587
1500860
1505139
1509424
1513715
1518012
1522316
1526625
1530941
1535262
1539590
1543924
1548264
1552610
1556962
1561320
1565684
1570055
1574431
1578814
1583202
1587597
1591998
1596405
1600818
1605237
1609662
1614093
1618531
1622974
1627424
1631880
1636341
1640809
1645283
1649763
1654249
1658741
1663240
1667743
1672255
1676771
1681293
1685822
1690357
1694898
1699446
1703998
1708557
1713123
1717694
1722271
1726855
1731445
1736040
1740642
1745250
1749864
1754485
1759110
1763743
1768381
1773025
1777677
1782332
1786996
1791664
1796339
1801021
1805707
1810401
1815100
1819805
1824517
1829234
1833958
1838687
1843424
1848165
1852914
1857667
1862428
1867194
1871966
1876745
1881530
1886320
1891117
1895919
1900729
1905544
1910364
1915192
1920026
1924864
1929710
1934562
1939419
1944283
1949153
1954029
1958911
1963799
1968693
1973593
1978500
1983413
1988330
1993256
1998186
2003123
2008066
2013015
2017971
2022931
2027899
2032872
2037851
2042838
2047828
2052827
2057830
2062841
2067856
2072878
2077907
2082941
2087981
2093028
2098080
2103140
2108203
2113275
2118352
2123434
2128524
2133619
2138720
2143828
2148941
2154061
2159186
2164318
2169456
2174600
2179750
2184906
2190068
2195237
2200411
2205591
2210778
2215971
2221169
2226374
2231586
2236802
2242025
2247255
2252490
2257731
2262979
2268232
2273492
2278758
2284030
2289307
2294592
2299882
2305178
2310480
2315788
2321104
2326423
2331751
2337083
2342422
2347767
2353118
2358475
2363838
2369208
2374583
2379965
2385352
2390745
2396146
2401551
2406964
2412381
2417806
2423235
2428672
2434115
2439563
2445017
2450479
2455945
2461417
2466897
2472382
2477873
2483370
2488874
2494382
2499899
2505420
2510947
2516482
2522021
2527567
2533120
2538677
2544242
2549812
2555388
2560971
2566559
2572154
2577755
2583362
2588975
2594593
2600219
2605850
2611488
2617131
2622780
2628436
2634098
2639765
2645439
2651119
2656806
2662497
2668196
2673899
2679611
2685327
2691049
2696778
2702513
2708254
2714001
2719753
2725513
2731278
2737050
2742827
2748610
2754400
2760196
2765997
2771805
2777620
2783439
2789265
2795098
2800936
2806781
2812630
2818488
2824350
2830219
2836094
2841975
2847862
2853755
2859654
2865560
2871471
2877388
2883312
2889242
2895178
2901119
2907067
2913022
2918982
2924947
2930921
2936898
2942883
2948874
2954870
2960874
2966882
2972897
2978918
2984945
2990978
2997018
3003064
3009114
3015173
3021236
3027305
3033382
3039464
3045184
3051668
3057817
3063997
3070208
3076481
3082692
3089027
3095363
3101731
3108131
3114563
3121027
3127523
3134051
3140615
3147209
3153837
3160498
3167192
3173920
3180682
3187478
3194308
3201172
3208070
3215003
3221971
3228977
3236009
3243085
3250193
3257337
3264519
3271730
3278975
3286254
3293627
3300958
3308332
3315815
3323263
3330770
3338321
3345904
3353527
3361188
3368889
3376623
3384352
3392238
3400103
3407967
3415901
3423875
3431889
3439943
3448037
3456172
3464348
3472565
3480823
3489122
3497463
3505803
3514314
3522738
3531247
3539799
3548394
3557032
3565713
3574437
3583205
3592017
3600873
3609773
3618718
3627708
3636743
3645823
3654948
3664119
3673336
3682599
3691908
3701264
3710667
3720117
3729614
3739159
3748752
3758393
3768082
3777820
3787607
3797443
3807328
3817262
3827246
3837280
3847364
3857498
3867683
3877919
3888206
3898544
3908934
3919376
3929870
3940417
3951017
3961670
3972376
3983136
3993950
4004818
4015740
4026717
4037749
4048836
4059979
4071178
4082433
4093744
4105112
4116537
4128019
4139558
4151155
4162710
4174623
4186295
4197992
4210150
4221966
4233976
4246046
4258176
4270367
4282619
4294932
4307307
4319744
4332243
4344805
4357430
4370118
4382870
4395686
4408566
4421510
4434519
4447593
4460732
4473937
4487208
4500545
4513949
4527420
4540958
4554564
4568238
4581980
4595791
4609671
4623620
4637639
4651728
4665888
4680119
4694421
4708795
4723309
4737691
4752350
4767014
4781751
4796562
4811447
4826407
4841442
4856552
4871738
4887000
4902338
4917753
4933245
4948815
4964463
4980180
4996003
5011878
5027842
5043886
5060010
5076215
5092501
5108869
5125319
5141851
5158466
5175164
5191864
5208566
5225270
5241976
5258684
5275394
5292106
5308820
5325536
5342254
5358974
5375696
5392420
5409146
5425874
5442604
5459336
5476070
5492806
5509544
5526284
5543026
5559770
5576516
5593264
5610014
5626766
5643520
5660276
5677034
5693794
5710556
5727320
5744086
5760854
5777624
5794396
5811170
5827946
5844724
5861504
5878286
5895070
5911856
5928644
5945434
5962226
5979020
5995816
6012614
6029414
6046216
6063020
6079826
6096634
6113444
6130256
6147070
6163886
6180704
6197524
6214346
6231170
6247996
6264824
6281654
6298486
6315320
6332156
6348994
6365834
6382676
6399520
6416366
6433214
6450064
6466916
6483770
6500626
6517484
6534344
6551206
6568070
6584936
6601804
6618674
6635546
6652420
6669296
6686174
6703054
6719936
6736820
6753706
6770594
6787484
6804376
6821270
6838166
6855064
6871964
6888866
6905770
6922676
6939584
6956494
6973406
6990320
7007236
7024154
7041074
7057996
7074920
7091846
7108774
7125704
7142636
7159570
7176506
7193444
7210384
7227326
7244270
7261216
7278164
7295114
7312066
7329020
7345976
7362934
7379894
7396856
7413820
7430786
7447754
7464724
7481696
7498670
7515646
7532624
7549604
7566586
7583570
7600556
7617544
7634534
7651526
7668520
7685516
7702514
7719514
7736516
7753520
7770526
7787534
7804544
7821556
7838570
7855586
7872604
7889624
7906646
7923670
7940696
7957724
7974754
7991786
8008820
8025856
8042894
8059934
8076976
8094020
8111066
8128114
8145164
8162216
8179270
8196326
8213384
8230444
8247506
8264570
8281636
8298704
8315774
8332846
8349920
8366996
8384074
8401154
8418236
8435320
8452406
8469494
8486584
8503676
8520770
8537866
8554964
8572064
8589166
8606270
8623376
8640484
8657594
8674706
8691820
8708936
8726054
8743174
8760296
8777420
8794546
8811674
8828804
8845936
8863070
8880206
8897344
8914484
8931626
8948770
8965916
8983064
9000214
9017366
9034520
9051676
9068834
9085994
9103156
9120320
9137486
9154654
9171824
9188996
9206170
9223346
9240524
9257704
9274886
9292070
9309256
9326444
9343634
9360826
9378020
9395216
9412414
9429614
9446816
9464020
9481226
9498434
9515644
9532856
9550070
9567286
9584504
9601724
9618946
9636170
9653396
9670624
9687854
9705086
9722320
9739556
9756794
9774034
9791276
9808520
9825766
9843014
9860264
9877516
9894770
9912026
9929284
9946544
9963806
9981070
9998336
10015604
10032874
10050146
10067420
10084696
10101974
10119254
10136536
10153820
10171106
10188394
10205684
10222976
10240270
10257566
10274864
10292164
10309466
10326770
10344076
10361384
10378694
10396006
10413320
10430636
10447954
10465274
10482596
10499920
10517246
10534574
10551904
10569236
10586570
10603906
10621244
10638584
10655926
10673270
10690616
10707964
10725314
10742666
10760020
10777376
10794734
10812094
10829456
10846820
10864186
10881554
10898924
10916296
10933670
10951046
10968424
10985804
11003186
11020570
11037956
11055344
11072734
11090126
11107520
11124916
11142314
11159714
11177116
11194520
11211926
11229334
11246744
11264156
11281570
11298986
11316404
11333824
11351246
11368670
11386096
11403524
11420954
11438386
11455820
11473256
11490694
11508134
11525576
11543020
11560466
11577914
11595364
11612816
11630270
11647726
11665184
11682644
11700106
11717570
11735036
11752504
11769974
11787446
11804920
11822396
11839874
11857354
11874836
11892320
11909806
11927294
11944784
11962276
11979770
11997266
12014764
12032264
12049766
12067270
12084776
12102284
12119794
12137306
12154820
12172336
12189854
12207374
12224896
12242420
12259946
12277474
12295004
12312536
12330070
12347606
12365144
12382684
12400226
12417770
12435316
12452864
12470414
12487966
12505520
12523076
12540634
12558194
12575756
12593320
12610886
12628454
12646024
12663596
12681170
12698746
12716324
12733904
12751486
12769070
12786656
12804244
12821834
12839426
12857020
12874616
12892214
12909814
12927416
12945020
12962626
12980234
12997844
13015456
13033070
13050686
13068304
13085924
13103546
13121170
13138796
13156424
13174054
13191686
13209320
13226956
13244594
13262234
13279876
13297520
13315166
13332814
13350464
13368116
13385770
13403426
13421084
13438744
13456406
13474070
13491736
13509404
13527074
13544746
13562420
13580096
13597774
13615454
13633136
13650820
13668506
13686194
13703884
13721576
13739270
13756966
13774664
13792364
13810066
13827770
13845476
13863184
13880894
13898606
13916320
13934036
13951754
13969474
13987196
14004920
14022646
14040374
14058104
14075836
14093570
14111306
14129044
14146784
14164526
14182270
14200016
14217764
14235514
14253266
14271020
14288776
14306534
14324294
14342056
14359820
14377586
14395354
14413124
14430896
14448670
14466446
14484224
14502004
14519786
14537570
14555356
14573144
14590934
14608726
14626520
14644316
14662114
14679914
14697716
14715520
14733326
14751134
14768944
14786756
14804570
14822386
14840204
14858024
14875846
14893670
14911496
14929324
14947154
14964986
14982820
15000656
15018494
15036334
15054176
15072020
15089866
15107714
15125564
15143416
15161270
15179126
15196984
15214844
15232706
15250570
15268436
15286304
15304174
15322046
15339920
15357796
15375674
15393554
15411436
15429320
15447206
15465094
15482984
15500876
15518770
15536666
15554564
15572464
15590366
15608270
15626176
15644084
15661994
15679906
15697820
15715736
15733654
15751574
15769496
15787420
15805346
15823274
15841204
15859136
15877070
15895006
15912944
15930884
15948826
15966770
15984716
16002664
16020614
16038566
16056520
16074476
16092434
16110394
16128356
16146320
16164286
16182254
16200224
16218196
16236170
16254146
16272124
16290104
16308086
16326070
16344056
16362044
16380034
16398026
16416020
16434016
16452014
16470014
16488016
16506020
16524026
16542034
16560044
16578056
16596070
16614086
16632104
16650124
16668146
16686170
16704196
16722224
16740254
16758286
16776320
16794356
16812394
16830434
16848476
16866520
16884566
16902614
16920664
16938716
16956770
16974826
16992884
17010944
17029006
17047070
17065136
17083204
17101274
17119346
17137420
17155496
17173574
17191654
17209736
17227820
17245906
17263994
17282084
17300176
17318270
17336366
17354464
17372564
17390666
17408770
17426876
17444984
17463094
17481206
17499320
17517436
17535554
17553674
17571796
17589920
17608046
17626174
17644304
17662436
17680570
17698706
17716844
17734984
17753126
17771270
17789416
17807564
17825714
17843866
17862020
17880176
17898334
17916494
17934656
17952820
17970986
17989154
18007324
18025496
18043670
18061846
18080024
18098204
18116386
18134570
18152756
18170944
18189134
18207326
18225520
18243716
18261914
18280114
18298316
18316520
18334726
18352934
18371144
18389356
18407570
18425786
18444004
18462224
18480446
18498670
18516896
18535124
18553354
18571586
18589820
18608056
18626294
18644534
18662776
18681020
18699266
18717514
18735764
18754016
18772270
18790526
18808784
18827044
18845306
18863570
18881836
18900104
18918374
18936646
18954920
18973196
18991474
19009754
19028036
19046320
19064606
19082894
19101184
19119476
19137770
19156066
19174364
19192664
19210966
19229270
19247576
19265884
19284194
19302506
19320820
19339136
19357454
19375774
19394096
19412420
19430746
19449074
19467404
19485736
19504070
19522406
19540744
19559084
19577426
19595770
19614116
19632464
19650814
19669166
19687520
19705876
19724234
19742594
19760956
19779320
19797686
19816054
19834424
19852796
19871170
19889546
19907924
19926304
19944686
19963070
19981456
19999844
20018234
20036626
20055020
20073416
20091814
20110214
20128616
20147020
20165426
20183834
20202244
20220656
20239070
20257486
20275904
20294324
20312746
20331170
20349596
20368024
20386454
20404886
20423320
20441756
20460194
20478634
20497076
20515520
20533966
20552414
20570864
20589316
20607770
20626226
20644684
20663144
20681606
20700070
20718536
20737004
20755474
20773946
20792420
20810896
20829374
20847854
20866336
20884820
20903306
20921794
20940284
20958776
20977270
20995766
21014264
21032764
21051266
21069770
21088276
21106784
21125294
21143806
21162320
21180836
21199354
21217874
21236396
21254920
21273446
21291974
21310504
21329036
21347570
21366106
21384644
21403184
21421726
21440270
21458816
21477364
21495914
21514466
21533020
21551576
21570134
21588694
21607256
21625820
21644386
21662954
21681524
21700096
21718670
21737246
21755824
21774404
21792986
21811570
21830156
21848744
21867334
21885926
21904520
21923116
21941714
21960314
21978916
21997520
22016126
22034734
22053344
22071956
22090570
22109186
22127804
22146424
22165046
22183670
22202296
22220924
22239554
22258186
22276820
22295456
22314094
22332734
22351376
22370020
22388666
22407314
22425964
22444616
22463270
22481926
22500584
22519244
22537906
22556570
22575236
22593904
22612574
22631246
22649920
22668596
22687274
22705954
22724636
22743320
22762006
22780694
22799384
22818076
22836770
22855466
22874164
22892864
22911566
22930270
22948976
22967684
22986394
23005106
23023820
23042536
23061254
23079974
23098696
23117420
23136146
23154874
23173604
23192336
23211070
23229806
23248544
23267284
23286026
23304770
23323516
23342264
23361014
23379766
23398520
23417276
23436034
23454794
23473556
23492320
23511086
23529854
23548624
23567396
23586170
23604946
23623724
23642504
23661286
23680070
23698856
23717644
23736434
23755226
23774020
23792816
23811614
23830414
23849216
23868020
23886826
23905634
23924444
23943256
23962070
23980886
23999704
24018524
24037346
24056170
24074996
24093824
24112654
24131486
24150320
24169156
24187994
24206834
24225676
24244520
24263366
24282214
24301064
24319916
24338770
24357626
24376484
24395344
24414206
24433070
24451936
24470804
24489674
24508546
24527420
24546296
24565174
24584054
24602936
24621820
24640706
24659594
24678484
24697376
24716270
24735166
24754064
24772964
24791866
24810770
24829676
24848584
24867494
24886406
24905320
24924236
24943154
24962074
24980996
24999920
25018846
25037774
25056704
25075636
25094570
25113506
25132444
25151384
25170326
25189270
25208216
25227164
25246114
25265066
25284020
25302976
25321934
25340894
25359856
25378820
25397786
25416754
25435724
25454696
25473670
25492646
25511624
25530604
25549586
25568570
25587556
25606544
25625534
25644526
25663520
25682516
25701514
25720514
25739516
25758520
25777526
25796534
25815544
25834556
25853570
25872586
25891604
25910624
25929646
25948670
25967696
25986724
26005754
26024786
26043820
26062856
26081894
26100934
26119976
26139020
26158066
26177114
26196164
26215216
26234270
26253326
26272384
26291444
26310506
26329570
26348636
26367704
26386774
26405846
26424920
26443996
26463074
26482154
26501236
26520320
26539406
26558494
26577584
26596676
26615770
26634866
26653964
26673064
26692166
26711270
26730376
26749484
26768594
26787706
26806820
26825936
26845054
26864174
26883296
26902420
26921546
26940674
26959804
26978936
26998070
27017206
27036344
27055484
27074626
27093770
27112916
27132064
27151214
27170366
27189520
27208676
27227834
27246994
27266156
27285320
27304486
27323654
27342824
27361996
27381170
27400346
27419524
27438704
27457886
27477070
27496256
27515444
27534634
27553826
27573020
27592216
27611414
27630614
27649816
27669020
27688226
27707434
27726644
27745856
27765070
27784286
27803504
27822724
27841946
27861170
27880396
27899624
27918854
27938086
27957320
27976556
27995794
28015034
28034276
28053520
28072766
28092014
28111264
28130516
28149770
28169026
28188284
28207544
28226806
28246070
28265336
28284604
28303874
28323146
28342420
28361696
28380974
28400254
28419536
28438820
28458106
28477394
28496684
28515976
28535270
28554566
28573864
28593164
28612466
28631770
28651076
28670384
28689694
28709006
28728320
28747636
28766954
28786274
28805596
28824920
28844246
28863574
28882904
28902236
28921570
28940906
28960244
28979584
28998926
29018270
29037616
29056964
29076314
29095666
29115020
29134376
29153734
29173094
29192456
29211820
29231186
29250554
29269924
29289296
29308670
29328046
29347424
29366804
29386186
29405570
29424956
29444344
29463734
29483126
29502520
29521916
29541314
29560714
29580116
29599520
29618926
29638334
29657744
29677156
29696570
29715986
29735404
29754824
29774246
29793670
29813096
29832524
29851954
29871386
29890820
29910256
29929694
29949134
29968576
29988020
30007466
30026914
30046364
30065816
30085270
30104726
30124184
30143644
30163106
30182570
30202036
30221504
30240974
30260446
30279920
30299396
30318874
30338354
30357836
30377320
30396806
30416294
30435784
30455276
30474770
30494266
30513764
30533264
30552766
30572270
30591776
30611284
30630794
30650306
30669820
30689336
30708854
30728374
30747896
30767420
30786946
30806474
30826004
30845536
30865070
30884606
30904144
30923684
30943226
30962770
30982316
31001864
31021414
31040966
31060520
31080076
31099634
31119194
31138756
31158320
31177886
31197454
31217024
31236596
31256170
31275746
31295324
31314904
31334486
31354070
31373656
31393244
31412834
31432426
31452020
31471616
31491214
31510814
31530416
31550020
31569626
31589234
31608844
31628456
31648070
31667686
31687304
31706924
31726546
31746170
31765796
31785424
31805054
31824686
31844320
31863956
31883594
31903234
31922876
31942520
31962166
31981814
32001464
32021116
32040770
32060426
32080084
32099744
32119406
32139070
32158736
32178404
32198074
32217746
32237420
32257096
32276774
32296454
32316136
32335820
32355506
32375194
32394884
32414576
32434270
32453966
32473664
32493364
32513066
32532770
32552476
32572184
32591894
32611606
32631320
32651036
32670754
32690474
32710196
32729920
32749646
32769374
32789104
32808836
32828570
32848306
32868044
32887784
32907526
32927270
32947016
32966764
32986514
33006266
33026020
33045776
33065534
33085294
33105056
33124820
33144586
33164354
33184124
33203896
33223670
33243446
33263224
33283004
33302786
33322570
33342356
33362144
33381934
33401726
33421520
33441316
33461114
33480914
33500716
33520520
33540326
33560134
33579944
33599756
33619570
33639386
33659204
33679024
33698846
33718670
33738496
33758324
33778154
33797986
33817820
33837656
33857494
33877334
33897176
33917020
33936866
33956714
33976564
33996416
34016270
34036126
34055984
34075844
34095706
34115570
34135436
34155304
34175174
34195046
34214920
34234796
34254674
34274554
34294436
34314320
34334206
34354094
34373984
34393876
34413770
34433666
34453564
34473464
34493366
34513270
34533176
34553084
34572994
34592906
34612820
34632736
34652654
34672574
34692496
34712420
34732346
34752274
34772204
34792136
34812070
34832006
34851944
34871884
34891826
34911770
34931716
34951664
34971614
34991566
35011520
35031476
35051434
35071394
35091356
35111320
35131286
35151254
35171224
35191196
35211170
35231146
35251124
35271104
35291086
35311070
35331056
35351044
35371034
35391026
35411020
35431016
35451014
35471014
35491016
35511020
35531026
35551034
35571044
35591056
35611070
35631086
35651104
35671124
35691146
35711170
35731196
35751224
35771254
35791286
35811320
35831356
35851394
35871434
35891476
35911520
35931566
35951614
35971664
35991716
36011770
36031826
36051884
36071944
36092006
36112070
36132136
36152204
36172274
36192346
36212420
36232496
36252574
36272654
36292736
36312820
36332906
36352994
36373084
36393176
36413270
36433366
36453464
36473564
36493666
36513770
36533876
36553984
36574094
36594206
36614320
36634436
36654554
36674674
36694796
36714920
36735046
36755174
36775304
36795436
36815570
36835706
36855844
36875984
36896126
36916270
36936416
36956564
36976714
36996866
37017020
37037176
37057334
37077494
37097656
37117820
37137986
37158154
37178324
37198496
37218670
37238846
37259024
37279204
37299386
37319570
37339756
37359944
37380134
37400326
37420520
37440716
37460914
37481114
37501316
37521520
37541726
37561934
37582144
37602356
37622570
37642786
37663004
37683224
37703446
37723670
37743896
37764124
37784354
37804586
37824820
37845056
37865294
37885534
37905776
37926020
37946266
37966514
37986764
38007016
38027270
38047526
38067784
38088044
38108306
38128570
38148836
38169104
38189374
38209646
38229920
38250196
38270474
38290754
38311036
38331320
38351606
38371894
38392184
38412476
38432770